{
  "nbformat": 4,
  "nbformat_minor": 0,
  "metadata": {
    "colab": {
      "provenance": [],
      "authorship_tag": "ABX9TyN38ZPkjBt+j9UsuTMIuHgj",
      "include_colab_link": true
    },
    "kernelspec": {
      "name": "python3",
      "display_name": "Python 3"
    },
    "language_info": {
      "name": "python"
    }
  },
  "cells": [
    {
      "cell_type": "markdown",
      "metadata": {
        "id": "view-in-github",
        "colab_type": "text"
      },
      "source": [
        "<a href=\"https://colab.research.google.com/github/HRJ369/CL249--Computational-Lab/blob/main/Assignment3.ipynb\" target=\"_parent\"><img src=\"https://colab.research.google.com/assets/colab-badge.svg\" alt=\"Open In Colab\"/></a>"
      ]
    },
    {
      "cell_type": "code",
      "execution_count": 6,
      "metadata": {
        "colab": {
          "base_uri": "https://localhost:8080/"
        },
        "id": "_NZTOXk3GoKb",
        "outputId": "d8f430f1-4ec6-455f-ba81-73664aec9c6f"
      },
      "outputs": [
        {
          "output_type": "stream",
          "name": "stdout",
          "text": [
            "Original Matrix A:\n",
            "[[ 2  3  1  4  5]\n",
            " [ 6 13  5 19  8]\n",
            " [ 2 19 13 17  3]\n",
            " [ 8  3  5 25  1]\n",
            " [ 4  4  3  7 15]]\n",
            "\n",
            "Lower Triangular Matrix L:\n",
            "[[ 1.          0.          0.          0.          0.        ]\n",
            " [ 3.          1.          0.          0.          0.        ]\n",
            " [ 1.          4.          1.          0.          0.        ]\n",
            " [ 4.         -2.25        1.375       1.          0.        ]\n",
            " [ 2.         -0.5         0.5         0.22038567  1.        ]]\n",
            "\n",
            "Upper Triangular Matrix U:\n",
            "[[  2.           3.           1.           4.           5.        ]\n",
            " [  0.           4.           2.           7.          -7.        ]\n",
            " [  0.           0.           4.         -15.          26.        ]\n",
            " [  0.           0.           0.          45.375      -70.5       ]\n",
            " [  0.           0.           0.           0.           4.03719008]]\n",
            "\n",
            "Inverse of Lower Triangular Matrix L:\n",
            "[[  1.           0.           0.           0.           0.        ]\n",
            " [ -3.           1.           0.           0.           0.        ]\n",
            " [ 11.          -4.           1.           0.           0.        ]\n",
            " [-25.875        7.75        -1.375        1.           0.        ]\n",
            " [ -3.29752066   0.79201102  -0.1969697   -0.22038567   1.        ]]\n",
            "\n",
            "Inverse of Upper Triangular Matrix U:\n",
            "[[ 0.5        -0.375       0.0625      0.03443526 -1.07062436]\n",
            " [ 0.          0.25       -0.125      -0.07988981 -0.15660184]\n",
            " [ 0.          0.          0.25        0.08264463 -0.16683726]\n",
            " [ 0.          0.          0.          0.02203857  0.38485159]\n",
            " [ 0.          0.          0.          0.          0.24769703]]\n",
            "\n",
            "Inverse of Matrix A (computed as U_inv * L_inv):\n",
            "[[ 4.95189355 -1.20607301  0.22603207  0.27038553 -1.07062436]\n",
            " [ 0.45854657  0.00682361  0.0156943  -0.045377   -0.15660184]\n",
            " [ 1.16171955 -0.49164108  0.16922552  0.11941317 -0.16683726]\n",
            " [-1.83930399  0.4756056  -0.10610713 -0.06277721  0.38485159]\n",
            " [-0.81678608  0.19617878 -0.04878881 -0.05458888  0.24769703]]\n"
          ]
        }
      ],
      "source": [
        "import numpy as np\n",
        "\n",
        "# Define the matrix A\n",
        "A = np.array([[2, 3, 1, 4, 5],\n",
        "              [6, 13, 5, 19, 8],\n",
        "              [2, 19, 13, 17, 3],\n",
        "              [8, 3, 5, 25, 1],\n",
        "              [4, 4, 3, 7, 15]])\n",
        "\n",
        "def lu_decomposition(A):\n",
        "    n = A.shape[0]\n",
        "    L = np.zeros((n, n))\n",
        "    U = np.zeros((n, n))\n",
        "\n",
        "    for i in range(n):\n",
        "        for k in range(i, n):\n",
        "            sum_u = sum(L[i][j] * U[j][k] for j in range(i))\n",
        "            U[i][k] = A[i][k] - sum_u\n",
        "\n",
        "        for k in range(i, n):\n",
        "            if i == k:\n",
        "                L[i][i] = 1\n",
        "            else:\n",
        "                sum_l = sum(L[k][j] * U[j][i] for j in range(i))\n",
        "                L[k][i] = (A[k][i] - sum_l) / U[i][i]\n",
        "\n",
        "    return L, U\n",
        "\n",
        "def forward_substitution(L, b):\n",
        "    n = len(b)\n",
        "    x = np.zeros(n)\n",
        "    for i in range(n):\n",
        "        x[i] = (b[i] - np.dot(L[i, :i], x[:i])) / L[i, i]\n",
        "    return x\n",
        "\n",
        "def backward_substitution(U, b):\n",
        "    n = len(b)\n",
        "    x = np.zeros(n)\n",
        "    for i in reversed(range(n)):\n",
        "        x[i] = (b[i] - np.dot(U[i, i+1:], x[i+1:])) / U[i, i]\n",
        "    return x\n",
        "\n",
        "def invert_lower(L):\n",
        "    n = L.shape[0]\n",
        "    L_inv = np.zeros_like(L)\n",
        "    I = np.eye(n)\n",
        "\n",
        "    for i in range(n):\n",
        "        L_inv[:, i] = forward_substitution(L, I[:, i])\n",
        "\n",
        "    return L_inv\n",
        "\n",
        "def invert_upper(U):\n",
        "    n = U.shape[0]\n",
        "    U_inv = np.zeros_like(U)\n",
        "    I = np.eye(n)\n",
        "\n",
        "    for i in range(n):\n",
        "        U_inv[:, i] = backward_substitution(U, I[:, i])\n",
        "\n",
        "    return U_inv\n",
        "\n",
        "# Perform LU decomposition\n",
        "L, U = lu_decomposition(A)\n",
        "\n",
        "# Inverse of L and U\n",
        "L_inv = invert_lower(L)\n",
        "U_inv = invert_upper(U)\n",
        "\n",
        "# Final inverse of A (A_inv = U_inv * L_inv)\n",
        "A_inv = np.dot(U_inv, L_inv)\n",
        "\n",
        "# Output the results\n",
        "print(\"Original Matrix A:\")\n",
        "print(A)\n",
        "\n",
        "#print(\"\\nLower Triangular Matrix L:\")\n",
        "#print(L)\n",
        "\n",
        "#print(\"\\nUpper Triangular Matrix U:\")\n",
        "#print(U)\n",
        "\n",
        "#print(\"\\nInverse of Lower Triangular Matrix L:\")\n",
        "#print(L_inv)\n",
        "\n",
        "#print(\"\\nInverse of Upper Triangular Matrix U:\")\n",
        "#print(U_inv)\n",
        "\n",
        "print(\"\\nInverse of Matrix A (computed as U_inv * L_inv):\")\n",
        "print(A_inv)\n"
      ]
    },
    {
      "cell_type": "code",
      "source": [],
      "metadata": {
        "id": "KwYF53GHRTE4"
      },
      "execution_count": null,
      "outputs": []
    }
  ]
}